# name  MJD     V     Verr    comment
94511 54147.3195 20.73 0.19   CRTS
94511 54147.3235 22.19 0.41   CRTS
94511 54147.3274 21.53 0.29   CRTS
94511 54147.3313 20.49 0.17   CRTS
94511 54475.4009 21.28 0.11   CRTS
94511 54540.2056 21.17 0.11   CRTS
94511 54561.1806 21.29 0.12   CRTS
94511 54832.4635 20.90 0.10   CRTS
94511 55273.2498 20.50 0.09   CRTS
94511 55542.4755 20.30 0.12   CRTS
94511 55600.2604 20.13 0.07   CRTS
94511 55622.2416 20.00 0.07   CRTS
94511 56013.2129 19.66 0.06   CRTS
94511 56338.2233 20.43 0.16   CRTS
94511 56356.1843 20.31 0.09   CRTS
94511 56446.1789 20.58 0.10   CRTS
94511 56639.4160 20.69 0.10   CRTS
94511 56656.3677 20.81 0.10   CRTS
