# name  MJD     V     Verr    comment
94511 54147.3195 20.73 0.19   CRTS
94511 54147.3235 22.19 0.41   CRTS
94511 54147.3274 21.53 0.29   CRTS
94511 54147.3313 20.49 0.17   CRTS
94511 54475.4009 21.66 0.28   CRTS
94511 54475.4063 21.28 0.22   CRTS
94511 54475.4118 21.12 0.21   CRTS
94511 54475.4173 21.23 0.22   CRTS
94511 54540.2056 21.32 0.24   CRTS
94511 54540.2109 21.41 0.25   CRTS
94511 54540.2163 21.03 0.21   CRTS
94511 54540.2219 22.44 0.44   CRTS
94511 54540.2273 20.81 0.19   CRTS
94511 54561.1806 21.84 0.30   CRTS
94511 54561.1878 21.01 0.20   CRTS
94511 54561.1952 21.46 0.25   CRTS
94511 54561.2025 21.21 0.22   CRTS
94511 54832.4635 20.79 0.18   CRTS
94511 54832.4712 20.94 0.20   CRTS
94511 54832.4789 21.02 0.20   CRTS
94511 54832.4866 20.88 0.19   CRTS
94511 55273.2498 20.27 0.16   CRTS
94511 55273.2550 20.71 0.20   CRTS
94511 55273.2603 20.62 0.19   CRTS
94511 55273.2657 20.51 0.18   CRTS
94511 55542.4755 20.49 0.18   CRTS
94511 55542.4755 20.16 0.15   CRTS
94511 55600.2604 20.15 0.14   CRTS
94511 55600.2697 20.11 0.14   CRTS
94511 55600.2790 20.13 0.14   CRTS
94511 55600.2883 20.14 0.14   CRTS
94511 55622.2416 20.12 0.14   CRTS
94511 55622.2474 19.76 0.12   CRTS
94511 55622.2531 20.08 0.14   CRTS
94511 55622.2590 20.12 0.14   CRTS
94511 56013.2129 19.99 0.14   CRTS
94511 56013.2211 19.81 0.13   CRTS
94511 56013.2292 19.83 0.13   CRTS
94511 56013.2372 19.13 0.12   CRTS
94511 56338.2233 20.41 0.23   CRTS
94511 56338.2378 20.44 0.23   CRTS
94511 56356.1843 20.23 0.16   CRTS
94511 56356.1912 20.26 0.17   CRTS
94511 56356.1981 20.50 0.19   CRTS
94511 56356.2051 20.30 0.17   CRTS
94511 56446.1789 20.78 0.22   CRTS
94511 56446.1841 20.52 0.19   CRTS
94511 56446.1896 20.36 0.18   CRTS
94511 56446.1950 20.80 0.22   CRTS
94511 56639.4160 20.27 0.16   CRTS
94511 56639.4239 20.91 0.21   CRTS
94511 56639.4319 20.78 0.20   CRTS
94511 56639.4399 21.32 0.26   CRTS
94511 56656.3677 20.65 0.19   CRTS
94511 56656.3756 20.86 0.21   CRTS
94511 56656.3836 20.76 0.20   CRTS
94511 56656.3916 22.43 0.49   CRTS
94511 56656.3916 20.72 0.20   CRTS
